30

40

27
46




10
2
18
36

21
34
19
14
33
25
22
12

7
48



23
37

15
43
35
1
3
26


38

9
17

44

11
39

28
20
10

18
2
1


16
41

29

40

27

47
30

23
37

15
43
35
9


44
32


22

42
7
48
31
49
24
21
34
19
14


1


16

38
41
22
12

7
49



20
10

18
2
5

17

44
32
11
39
24

34
19
14

25

23



43
35
4
40
45
27





42

48
31

8
23

6
35
43
15
3
26


38
41
1
24
21
34
19
14
33
25

40


46
47
30
9
17
13

32
11
39
28
20
10
36
18


8

37
6
15
43
35
9
17
13
44
39
11
32


7
48


22
4
40
45
27

47
30
28
20

36
18
2
5

21
34


33

3
26

29
38
41

9

13
44

11
39
24
21

19
25




6
15




20

36
18


3
26
16
29
38
41
1
4

45
27
46
47
30
12
42
7
48
31
49
22
24
21
34
19
14
33
25

40

27
30
47

17
13
44
32
11
39
9
3
26
16
29
38
41
1
12

7


49
22
28
20
10




23

6
15
43
35
8
27
46
47
30
4
40
45
36

2

10
20


33


21



31
49

12
42
7
15

35


37

29

41



16

11
39
9
17
13


18

5
28

10

38

1
16
26
3
46


4
40

27
15
43
35

23

6
32



17


48
31
49
22




33
25
24
21
34



41

3
26
16
48


22

42
12
18
2
5



36


39
9
17
13


33
25


34
19
15
43
35






30
4
40

27


49


42


43

8

37
23
38
41
1

26
16

14
33
25
24
21
34
19

47
30


45

32
11
39

17

44

2



10
36
15



23
37
6
32
11


44

17

49
22
12
42
7

46


4
40
45
27


5
28
20
10

14
33

24

34
19
38

1
3
26
16
29
32

39
9
17
13

14




34


35
8

37
6
15
18


28
20

36

41
1


16
29
46


4

45
27
31

22
12
42
7
48



24

34
19
46




45

11
39
9
17

44
32
38

1


16
29
31

22

42
7
48

2


20
10
36
43
35

23
37
6
15
46
47
30
4
40


18

5
28
36
10


25


34
19
14
31
49
22
12


48
43



37

15

41
1
3
26
16
29
11
39
9


44
32


5
28

10


41

3
29
16
26
47





46
43
35

23
37
6
15
11
39

17
13




22
12
42

48
33


21
34

14

41
1
3


29
31


12


42
2

28
20

36
18
11
39
9


44
32

25

21
34
19
14



23

6
15
47

4



46

49
22

42
7
48
43
35
8

15

37
41

3

16
29
38
33
25
24



14
47

4
40
45
27
46
11


17
13

32
2
5


10
36
18
43
35

23
37

15


9
17
32
44
13
49
22
12

7

31

30
4
40
45
27

2
5
28
20

36

33
25
24
21

19
14
41




29

11


17


32


24
21
14


35
8
23

6
15

2

28
20


18
41
1

26

29
38

30
4

45

46
49

12
42

48
31
33
25

21
34
19
14
47
30
4
40

27
45
39

17

44
32



3
26

29
38
49

12
42
7

31

5
28
20
10
36
18


23
37
6

43

30
4


27

2
5
28
20
18
36
10
25
24
21
34

14
33


12




35
8
23



43


3
26
16

38

9

13
44


2

28
20
10

18
41


26

29
16

4

45
27
46
47

8




43

9
17
13
44
32


22
12
42
7


25




14
33
41
1

26



49
22
12


48
7
5


10
36
18
2

9

13
44
32
11
25
24




33
35
8

37
6
15

30

40
45

46

49
22
12
42
7
48
31
35



43
15

1


16
29
38

25

21
34
19
14
33



45
27
46

39

17
13
44
32



20
10
36
18
2

8
23
37
6
15
43

9
17
13


44

12
42


31

30
4
40
45
27

47
5
28



18



21
34
19

33
1

26
16


41
39


13

32

25
24
21
34
33
14
19

23
37

15
43
35
5


10


2
1
3

16

38



40
45

46



42
7
48

49
25
24
21
34


33

4
40
45

46
27
9

13
44


39

3

16
29
38
41
22
12

7
48
31
49
5
28
20
10
36
18
2


37
6


35
45

46
47
30

40

36
18

20
28
5

14
33

24

34

48
31
49
22
12
42
6
15

35
8

37
16
29
38
41
1
3
26
44

11

9
17
13
10
36
18
2
5

20
16


41




46
47
30

40

6

43
35
8
23
37

32

39
9

13


31
49

12
42
19


25


34

29


1
3


48
31
49


22
36
18



20

44


39
9
17


14
33

24
21
34


43


23
37
27

47
30
4
40

19
14
33
25

21
34

46
47
30

40

32



17
13



41


26
16
48
31
49
22

42


18

5
28


15

35
8
23
37
6
6


35
8

37
44

11


17
9
48
31
49

12
42
7

46
47
30


45
36
18
2
5
28
20
10
19
14
33

24



38

1



44
32
11

9

13
19

33
25
34
21


43
35


37


18

5
28
20
10
29
38



26
16
27
46
47

4

45

31

22


7
7
48
31

22

42
6

43


23

29
38

1

26
16

14
33

24
21
34

46

30
4
40

44
32

39
9
17


18
2

28

10





47
30
28
20
10
36


18
21
34
19


25
24





49
22
23
37


43
35
8

26

29


1
17
13
44
32
11

9
28

10


2
5

26
16
29
1

38
40




30
4
23


15
43
35

17
13
44
32

39
9
12
42
7
48
31

22
21

19
14
33



26
16

38

1
12
42
7


49



36






44
32
11
39
9
21
34

14

25

23
37
6


35
8


27

47
30

12

7
48
31
49
22

37
6


35
43
26
16
29

41
1



19
14
33
25
24
40

27

47
30



44


39

20

36
18


28
23
37
6

43
35


13



39
11
42
7
48

49
22

40



47
30

20
10

18
2

28
21
34
19




26

29
38
41
1


13
44


39

21
34
19
14
24
25
33

6
15
43

8
23
20
10
36
18
2




29
38
41
1

40
45
27
46


4
42
7
48

49
22
12
21



33




27


30
47
13
44
32
11
39
9
17
26


38
41
1
3
42

48
31
49
22

20
10
36
18





15
43

8
23

45

46
47

4



18
28

2

19
14

25
24
21
42
7
48



12
37
6
15


8
23
26
16


41




32
11
39
9

20
10
36
18
2
5
28
26
16
29

3
1
41
45

46

30
4
40
37
6
15




13
44
32
11


17

7

31

22



14

25
24

26


38
41
1
3


48
31
12

49
10
36
18
2
5
28

13
44
32

39
9

34



25



6
15
43

8
23


46
47
30
4
40

7
48


22

37
6

43

8
35
16


41




19
14
33

24
21

27
46

30
4


44


39
9

10

18
2


20

6
15
43
35


13
44

11
17
9
39





12

45

46
47


40

36

2
5



19
14
33
25
24
21

29
38

1
3

13


11
39

17
34
19
14
33
21
24
25

15

35
8
23
37
10


2
5
28
20

29
38
41
1


45
27

47
30



48

49
22
12

34
19
14

25
24
21
45
27
46

40
4



11


17
13



41
1
3

7
48
31
49
22
12
42
10
36
18
2
5
28
20
6
15

35
8
23
37
